agency_cd	site_no	parameter_cd	ts_id	month_nu	day_nu	begin_yr	end_yr	count_nu	max_va_yr	max_va	min_va_yr	min_va	mean_va	p05_va	p10_va	p20_va	p25_va	p50_va	p75_va	p80_va	p90_va	p95_va
USGS	14105700	00060	113459	1	1	1948	1949	2	1948	101000	1949	89500	95300					95300				
USGS	14105700	00060	113459	1	2	1948	1948	1	1948	99500	1948	99500	99500					99500				
USGS	14105700	00060	113459	1	3	1948	1948	1	1948	99000	1948	99000	99000					99000				
USGS	14105700	00060	113459	1	4	1948	1948	1	1948	98000	1948	98000	98000					98000				
USGS	14105700	00060	113459	1	5	1948	1948	1	1948	104000	1948	104000	104000					104000				
USGS	14105700	00060	113459	1	6	1948	1948	1	1948	106000	1948	106000	106000					106000				
USGS	14105700	00060	113459	1	7	1948	1948	1	1948	123000	1948	123000	123000					123000				
USGS	14105700	00060	113459	1	8	1948	1948	1	1948	141000	1948	141000	141000					141000				
USGS	14105700	00060	113459	1	9	1948	1948	1	1948	190000	1948	190000	190000					190000				
USGS	14105700	00060	113459	1	10	1948	1948	1	1948	193000	1948	193000	193000					193000				
USGS	14105700	00060	113459	1	11	1948	1948	1	1948	170000	1948	170000	170000					170000				
USGS	14105700	00060	113459	1	12	1948	1948	1	1948	158000	1948	158000	158000					158000				
USGS	14105700	00060	113459	1	13	1948	1948	1	1948	149000	1948	149000	149000					149000				
USGS	14105700	00060	113459	1	14	1948	1948	1	1948	141000	1948	141000	141000					141000				
USGS	14105700	00060	113459	1	15	1948	1948	1	1948	135000	1948	135000	135000					135000				
USGS	14105700	00060	113459	1	16	1948	1948	1	1948	123000	1948	123000	123000					123000				
USGS	14105700	00060	113459	1	17	1948	1948	1	1948	111000	1948	111000	111000					111000				
USGS	14105700	00060	113459	1	18	1948	1948	1	1948	108000	1948	108000	108000					108000				
USGS	14105700	00060	113459	1	19	1948	1948	1	1948	111000	1948	111000	111000					111000				
USGS	14105700	00060	113459	1	20	1948	1948	1	1948	112000	1948	112000	112000					112000				
USGS	14105700	00060	113459	1	21	1948	1948	1	1948	111000	1948	111000	111000					111000				
USGS	14105700	00060	113459	1	22	1948	1948	1	1948	110000	1948	110000	110000					110000				
USGS	14105700	00060	113459	1	23	1948	1948	1	1948	112000	1948	112000	112000					112000				
USGS	14105700	00060	113459	1	24	1948	1948	1	1948	110000	1948	110000	110000					110000				
USGS	14105700	00060	113459	1	25	1948	1948	1	1948	110000	1948	110000	110000					110000				
USGS	14105700	00060	113459	1	26	1948	1948	1	1948	116000	1948	116000	116000					116000				
USGS	14105700	00060	113459	1	27	1948	1948	1	1948	117000	1948	117000	117000					117000				
USGS	14105700	00060	113459	1	28	1948	1948	1	1948	112000	1948	112000	112000					112000				
USGS	14105700	00060	113459	1	29	1948	1948	1	1948	107000	1948	107000	107000					107000				
USGS	14105700	00060	113459	1	30	1948	1948	1	1948	103000	1948	103000	103000					103000				
USGS	14105700	00060	113459	1	31	1948	1948	1	1948	99700	1948	99700	99700					99700				
USGS	14105700	00060	113459	2	1	1948	1948	1	1948	98300	1948	98300	98300					98300				
USGS	14105700	00060	113459	2	2	1948	1948	1	1948	104000	1948	104000	104000					104000				
USGS	14105700	00060	113459	2	3	1948	1948	1	1948	111000	1948	111000	111000					111000				
USGS	14105700	00060	113459	2	4	1948	1948	1	1948	112000	1948	112000	112000					112000				
USGS	14105700	00060	113459	2	5	1948	1948	1	1948	113000	1948	113000	113000					113000				
USGS	14105700	00060	113459	2	6	1948	1948	1	1948	110000	1948	110000	110000					110000				
USGS	14105700	00060	113459	2	7	1948	1948	1	1948	107000	1948	107000	107000					107000				
USGS	14105700	00060	113459	2	8	1948	1948	1	1948	104000	1948	104000	104000					104000				
USGS	14105700	00060	113459	2	9	1948	1948	1	1948	108000	1948	108000	108000					108000				
USGS	14105700	00060	113459	2	10	1948	1948	1	1948	113000	1948	113000	113000					113000				
USGS	14105700	00060	113459	2	11	1948	1948	1	1948	114000	1948	114000	114000					114000				
USGS	14105700	00060	113459	2	12	1948	1948	1	1948	111000	1948	111000	111000					111000				
USGS	14105700	00060	113459	2	13	1948	1948	1	1948	107000	1948	107000	107000					107000				
USGS	14105700	00060	113459	2	14	1948	1948	1	1948	103000	1948	103000	103000					103000				
USGS	14105700	00060	113459	2	15	1948	1948	1	1948	103000	1948	103000	103000					103000				
USGS	14105700	00060	113459	2	16	1948	1948	1	1948	114000	1948	114000	114000					114000				
USGS	14105700	00060	113459	2	17	1948	1948	1	1948	114000	1948	114000	114000					114000				
USGS	14105700	00060	113459	2	18	1948	1948	1	1948	112000	1948	112000	112000					112000				
USGS	14105700	00060	113459	2	19	1948	1948	1	1948	111000	1948	111000	111000					111000				
USGS	14105700	00060	113459	2	20	1948	1948	1	1948	105000	1948	105000	105000					105000				
USGS	14105700	00060	113459	2	21	1948	1948	1	1948	103000	1948	103000	103000					103000				
USGS	14105700	00060	113459	2	22	1948	1948	1	1948	105000	1948	105000	105000					105000				
USGS	14105700	00060	113459	2	23	1948	1948	1	1948	111000	1948	111000	111000					111000				
USGS	14105700	00060	113459	2	24	1948	1948	1	1948	132000	1948	132000	132000					132000				
USGS	14105700	00060	113459	2	25	1948	1948	1	1948	130000	1948	130000	130000					130000				
USGS	14105700	00060	113459	2	26	1948	1948	1	1948	124000	1948	124000	124000					124000				
USGS	14105700	00060	113459	2	27	1948	1948	1	1948	135000	1948	135000	135000					135000				
USGS	14105700	00060	113459	2	28	1948	1948	1	1948	174000	1948	174000	174000					174000				
USGS	14105700	00060	113459	2	29	1948	1948	1	1948	161000	1948	161000	161000					161000				
USGS	14105700	00060	113459	3	1	1948	1948	1	1948	140000	1948	140000	140000					140000				
USGS	14105700	00060	113459	3	2	1948	1948	1	1948	127000	1948	127000	127000					127000				
USGS	14105700	00060	113459	3	3	1948	1948	1	1948	118000	1948	118000	118000					118000				
USGS	14105700	00060	113459	3	4	1948	1948	1	1948	112000	1948	112000	112000					112000				
USGS	14105700	00060	113459	3	5	1948	1948	1	1948	106000	1948	106000	106000					106000				
USGS	14105700	00060	113459	3	6	1948	1948	1	1948	102000	1948	102000	102000					102000				
USGS	14105700	00060	113459	3	7	1948	1948	1	1948	102000	1948	102000	102000					102000				
USGS	14105700	00060	113459	3	8	1948	1948	1	1948	104000	1948	104000	104000					104000				
USGS	14105700	00060	113459	3	9	1948	1948	1	1948	104000	1948	104000	104000					104000				
USGS	14105700	00060	113459	3	10	1948	1948	1	1948	105000	1948	105000	105000					105000				
USGS	14105700	00060	113459	3	11	1948	1948	1	1948	104000	1948	104000	104000					104000				
USGS	14105700	00060	113459	3	12	1948	1948	1	1948	103000	1948	103000	103000					103000				
USGS	14105700	00060	113459	3	13	1948	1948	1	1948	99500	1948	99500	99500					99500				
USGS	14105700	00060	113459	3	14	1948	1948	1	1948	98800	1948	98800	98800					98800				
USGS	14105700	00060	113459	3	15	1948	1948	1	1948	99200	1948	99200	99200					99200				
USGS	14105700	00060	113459	3	16	1948	1948	1	1948	104000	1948	104000	104000					104000				
USGS	14105700	00060	113459	3	17	1948	1948	1	1948	105000	1948	105000	105000					105000				
USGS	14105700	00060	113459	3	18	1948	1948	1	1948	106000	1948	106000	106000					106000				
USGS	14105700	00060	113459	3	19	1948	1948	1	1948	105000	1948	105000	105000					105000				
USGS	14105700	00060	113459	3	20	1948	1948	1	1948	102000	1948	102000	102000					102000				
USGS	14105700	00060	113459	3	21	1948	1948	1	1948	101000	1948	101000	101000					101000				
USGS	14105700	00060	113459	3	22	1948	1948	1	1948	102000	1948	102000	102000					102000				
USGS	14105700	00060	113459	3	23	1948	1948	1	1948	105000	1948	105000	105000					105000				
USGS	14105700	00060	113459	3	24	1948	1948	1	1948	106000	1948	106000	106000					106000				
USGS	14105700	00060	113459	3	25	1948	1948	1	1948	111000	1948	111000	111000					111000				
USGS	14105700	00060	113459	3	26	1948	1948	1	1948	112000	1948	112000	112000					112000				
USGS	14105700	00060	113459	3	27	1948	1948	1	1948	114000	1948	114000	114000					114000				
USGS	14105700	00060	113459	3	28	1948	1948	1	1948	120000	1948	120000	120000					120000				
USGS	14105700	00060	113459	3	29	1948	1948	1	1948	119000	1948	119000	119000					119000				
USGS	14105700	00060	113459	3	30	1948	1948	1	1948	121000	1948	121000	121000					121000				
USGS	14105700	00060	113459	3	31	1948	1948	1	1948	125000	1948	125000	125000					125000				
USGS	14105700	00060	113459	4	1	1948	1948	1	1948	129000	1948	129000	129000					129000				
USGS	14105700	00060	113459	4	2	1948	1948	1	1948	122000	1948	122000	122000					122000				
USGS	14105700	00060	113459	4	3	1948	1948	1	1948	121000	1948	121000	121000					121000				
USGS	14105700	00060	113459	4	4	1948	1948	1	1948	127000	1948	127000	127000					127000				
USGS	14105700	00060	113459	4	5	1948	1948	1	1948	138000	1948	138000	138000					138000				
USGS	14105700	00060	113459	4	6	1948	1948	1	1948	135000	1948	135000	135000					135000				
USGS	14105700	00060	113459	4	7	1948	1948	1	1948	131000	1948	131000	131000					131000				
USGS	14105700	00060	113459	4	8	1948	1948	1	1948	128000	1948	128000	128000					128000				
USGS	14105700	00060	113459	4	9	1948	1948	1	1948	127000	1948	127000	127000					127000				
USGS	14105700	00060	113459	4	10	1948	1948	1	1948	129000	1948	129000	129000					129000				
USGS	14105700	00060	113459	4	11	1948	1948	1	1948	130000	1948	130000	130000					130000				
USGS	14105700	00060	113459	4	12	1948	1948	1	1948	134000	1948	134000	134000					134000				
USGS	14105700	00060	113459	4	13	1948	1948	1	1948	134000	1948	134000	134000					134000				
USGS	14105700	00060	113459	4	14	1948	1948	1	1948	133000	1948	133000	133000					133000				
USGS	14105700	00060	113459	4	15	1948	1948	1	1948	130000	1948	130000	130000					130000				
USGS	14105700	00060	113459	4	16	1948	1948	1	1948	132000	1948	132000	132000					132000				
USGS	14105700	00060	113459	4	17	1948	1948	1	1948	142000	1948	142000	142000					142000				
USGS	14105700	00060	113459	4	18	1948	1948	1	1948	166000	1948	166000	166000					166000				
USGS	14105700	00060	113459	4	19	1948	1948	1	1948	199000	1948	199000	199000					199000				
USGS	14105700	00060	113459	4	20	1948	1948	1	1948	216000	1948	216000	216000					216000				
USGS	14105700	00060	113459	4	21	1948	1948	1	1948	213000	1948	213000	213000					213000				
USGS	14105700	00060	113459	4	22	1948	1948	1	1948	217000	1948	217000	217000					217000				
USGS	14105700	00060	113459	4	23	1948	1948	1	1948	226000	1948	226000	226000					226000				
USGS	14105700	00060	113459	4	24	1948	1948	1	1948	249000	1948	249000	249000					249000				
USGS	14105700	00060	113459	4	25	1948	1948	1	1948	257000	1948	257000	257000					257000				
USGS	14105700	00060	113459	4	26	1948	1948	1	1948	267000	1948	267000	267000					267000				
USGS	14105700	00060	113459	4	27	1948	1948	1	1948	275000	1948	275000	275000					275000				
USGS	14105700	00060	113459	4	28	1948	1948	1	1948	267000	1948	267000	267000					267000				
USGS	14105700	00060	113459	4	29	1948	1948	1	1948	255000	1948	255000	255000					255000				
USGS	14105700	00060	113459	4	30	1948	1948	1	1948	249000	1948	249000	249000					249000				
USGS	14105700	00060	113459	5	1	1948	1948	1	1948	261000	1948	261000	261000					261000				
USGS	14105700	00060	113459	5	2	1948	1948	1	1948	270000	1948	270000	270000					270000				
USGS	14105700	00060	113459	5	3	1948	1948	1	1948	272000	1948	272000	272000					272000				
USGS	14105700	00060	113459	5	4	1948	1948	1	1948	273000	1948	273000	273000					273000				
USGS	14105700	00060	113459	5	5	1948	1948	1	1948	276000	1948	276000	276000					276000				
USGS	14105700	00060	113459	5	6	1948	1948	1	1948	278000	1948	278000	278000					278000				
USGS	14105700	00060	113459	5	7	1948	1948	1	1948	280000	1948	280000	280000					280000				
USGS	14105700	00060	113459	5	8	1948	1948	1	1948	291000	1948	291000	291000					291000				
USGS	14105700	00060	113459	5	9	1948	1948	1	1948	320000	1948	320000	320000					320000				
USGS	14105700	00060	113459	5	10	1948	1948	1	1948	352000	1948	352000	352000					352000				
USGS	14105700	00060	113459	5	11	1948	1948	1	1948	375000	1948	375000	375000					375000				
USGS	14105700	00060	113459	5	12	1948	1948	1	1948	364000	1948	364000	364000					364000				
USGS	14105700	00060	113459	5	13	1948	1948	1	1948	358000	1948	358000	358000					358000				
USGS	14105700	00060	113459	5	14	1948	1948	1	1948	353000	1948	353000	353000					353000				
USGS	14105700	00060	113459	5	15	1948	1948	1	1948	385000	1948	385000	385000					385000				
USGS	14105700	00060	113459	5	16	1948	1948	1	1948	388000	1948	388000	388000					388000				
USGS	14105700	00060	113459	5	17	1948	1948	1	1948	385000	1948	385000	385000					385000				
USGS	14105700	00060	113459	5	18	1948	1948	1	1948	394000	1948	394000	394000					394000				
USGS	14105700	00060	113459	5	19	1948	1948	1	1948	418000	1948	418000	418000					418000				
USGS	14105700	00060	113459	5	20	1948	1948	1	1948	448000	1948	448000	448000					448000				
USGS	14105700	00060	113459	5	21	1948	1948	1	1948	488000	1948	488000	488000					488000				
USGS	14105700	00060	113459	5	22	1948	1948	1	1948	535000	1948	535000	535000					535000				
USGS	14105700	00060	113459	5	23	1948	1948	1	1948	584000	1948	584000	584000					584000				
USGS	14105700	00060	113459	5	24	1948	1948	1	1948	668000	1948	668000	668000					668000				
USGS	14105700	00060	113459	5	25	1948	1948	1	1948	675000	1948	675000	675000					675000				
USGS	14105700	00060	113459	5	26	1948	1948	1	1948	698000	1948	698000	698000					698000				
USGS	14105700	00060	113459	5	27	1948	1948	1	1948	746000	1948	746000	746000					746000				
USGS	14105700	00060	113459	5	28	1948	1948	1	1948	806000	1948	806000	806000					806000				
USGS	14105700	00060	113459	5	29	1948	1948	1	1948	876000	1948	876000	876000					876000				
USGS	14105700	00060	113459	5	30	1948	1948	1	1948	944000	1948	944000	944000					944000				
USGS	14105700	00060	113459	5	31	1948	1948	1	1948	999000	1948	999000	999000					999000				
USGS	14105700	00060	113459	6	1	1948	1948	1	1948	980000	1948	980000	980000					980000				
USGS	14105700	00060	113459	6	2	1948	1948	1	1948	949000	1948	949000	949000					949000				
USGS	14105700	00060	113459	6	3	1948	1948	1	1948	934000	1948	934000	934000					934000				
USGS	14105700	00060	113459	6	4	1948	1948	1	1948	937000	1948	937000	937000					937000				
USGS	14105700	00060	113459	6	5	1948	1948	1	1948	960000	1948	960000	960000					960000				
USGS	14105700	00060	113459	6	6	1948	1948	1	1948	958000	1948	958000	958000					958000				
USGS	14105700	00060	113459	6	7	1948	1948	1	1948	947000	1948	947000	947000					947000				
USGS	14105700	00060	113459	6	8	1948	1948	1	1948	948000	1948	948000	948000					948000				
USGS	14105700	00060	113459	6	9	1948	1948	1	1948	949000	1948	949000	949000					949000				
USGS	14105700	00060	113459	6	10	1948	1948	1	1948	959000	1948	959000	959000					959000				
USGS	14105700	00060	113459	6	11	1948	1948	1	1948	963000	1948	963000	963000					963000				
USGS	14105700	00060	113459	6	12	1948	1948	1	1948	969000	1948	969000	969000					969000				
USGS	14105700	00060	113459	6	13	1948	1948	1	1948	964000	1948	964000	964000					964000				
USGS	14105700	00060	113459	6	14	1948	1948	1	1948	942000	1948	942000	942000					942000				
USGS	14105700	00060	113459	6	15	1948	1948	1	1948	915000	1948	915000	915000					915000				
USGS	14105700	00060	113459	6	16	1948	1948	1	1948	877000	1948	877000	877000					877000				
USGS	14105700	00060	113459	6	17	1948	1948	1	1948	846000	1948	846000	846000					846000				
USGS	14105700	00060	113459	6	18	1948	1948	1	1948	831000	1948	831000	831000					831000				
USGS	14105700	00060	113459	6	19	1948	1948	1	1948	812000	1948	812000	812000					812000				
USGS	14105700	00060	113459	6	20	1948	1948	1	1948	794000	1948	794000	794000					794000				
USGS	14105700	00060	113459	6	21	1948	1948	1	1948	766000	1948	766000	766000					766000				
USGS	14105700	00060	113459	6	22	1948	1948	1	1948	744000	1948	744000	744000					744000				
USGS	14105700	00060	113459	6	23	1948	1948	1	1948	727000	1948	727000	727000					727000				
USGS	14105700	00060	113459	6	24	1948	1948	1	1948	708000	1948	708000	708000					708000				
USGS	14105700	00060	113459	6	25	1948	1948	1	1948	679000	1948	679000	679000					679000				
USGS	14105700	00060	113459	6	26	1948	1948	1	1948	645000	1948	645000	645000					645000				
USGS	14105700	00060	113459	6	27	1948	1948	1	1948	626000	1948	626000	626000					626000				
USGS	14105700	00060	113459	6	28	1948	1948	1	1948	600000	1948	600000	600000					600000				
USGS	14105700	00060	113459	6	29	1948	1948	1	1948	579000	1948	579000	579000					579000				
USGS	14105700	00060	113459	6	30	1948	1948	1	1948	562000	1948	562000	562000					562000				
USGS	14105700	00060	113459	7	1	1948	1948	1	1948	541000	1948	541000	541000					541000				
USGS	14105700	00060	113459	7	2	1948	1948	1	1948	518000	1948	518000	518000					518000				
USGS	14105700	00060	113459	7	3	1948	1948	1	1948	498000	1948	498000	498000					498000				
USGS	14105700	00060	113459	7	4	1948	1948	1	1948	473000	1948	473000	473000					473000				
USGS	14105700	00060	113459	7	5	1948	1948	1	1948	456000	1948	456000	456000					456000				
USGS	14105700	00060	113459	7	6	1948	1948	1	1948	432000	1948	432000	432000					432000				
USGS	14105700	00060	113459	7	7	1948	1948	1	1948	411000	1948	411000	411000					411000				
USGS	14105700	00060	113459	7	8	1948	1948	1	1948	396000	1948	396000	396000					396000				
USGS	14105700	00060	113459	7	9	1948	1948	1	1948	376000	1948	376000	376000					376000				
USGS	14105700	00060	113459	7	10	1948	1948	1	1948	360000	1948	360000	360000					360000				
USGS	14105700	00060	113459	7	11	1948	1948	1	1948	347000	1948	347000	347000					347000				
USGS	14105700	00060	113459	7	12	1948	1948	1	1948	333000	1948	333000	333000					333000				
USGS	14105700	00060	113459	7	13	1948	1948	1	1948	317000	1948	317000	317000					317000				
USGS	14105700	00060	113459	7	14	1948	1948	1	1948	303000	1948	303000	303000					303000				
USGS	14105700	00060	113459	7	15	1948	1948	1	1948	292000	1948	292000	292000					292000				
USGS	14105700	00060	113459	7	16	1948	1948	1	1948	281000	1948	281000	281000					281000				
USGS	14105700	00060	113459	7	17	1948	1948	1	1948	272000	1948	272000	272000					272000				
USGS	14105700	00060	113459	7	18	1948	1948	1	1948	264000	1948	264000	264000					264000				
USGS	14105700	00060	113459	7	19	1948	1948	1	1948	260000	1948	260000	260000					260000				
USGS	14105700	00060	113459	7	20	1948	1948	1	1948	253000	1948	253000	253000					253000				
USGS	14105700	00060	113459	7	21	1948	1948	1	1948	251000	1948	251000	251000					251000				
USGS	14105700	00060	113459	7	22	1948	1948	1	1948	246000	1948	246000	246000					246000				
USGS	14105700	00060	113459	7	23	1948	1948	1	1948	241000	1948	241000	241000					241000				
USGS	14105700	00060	113459	7	24	1948	1948	1	1948	235000	1948	235000	235000					235000				
USGS	14105700	00060	113459	7	25	1948	1948	1	1948	229000	1948	229000	229000					229000				
USGS	14105700	00060	113459	7	26	1948	1948	1	1948	223000	1948	223000	223000					223000				
USGS	14105700	00060	113459	7	27	1948	1948	1	1948	215000	1948	215000	215000					215000				
USGS	14105700	00060	113459	7	28	1948	1948	1	1948	215000	1948	215000	215000					215000				
USGS	14105700	00060	113459	7	29	1948	1948	1	1948	215000	1948	215000	215000					215000				
USGS	14105700	00060	113459	7	30	1948	1948	1	1948	217000	1948	217000	217000					217000				
USGS	14105700	00060	113459	7	31	1948	1948	1	1948	216000	1948	216000	216000					216000				
USGS	14105700	00060	113459	8	1	1948	1948	1	1948	216000	1948	216000	216000					216000				
USGS	14105700	00060	113459	8	2	1948	1948	1	1948	214000	1948	214000	214000					214000				
USGS	14105700	00060	113459	8	3	1948	1948	1	1948	209000	1948	209000	209000					209000				
USGS	14105700	00060	113459	8	4	1948	1948	1	1948	206000	1948	206000	206000					206000				
USGS	14105700	00060	113459	8	5	1948	1948	1	1948	203000	1948	203000	203000					203000				
USGS	14105700	00060	113459	8	6	1948	1948	1	1948	200000	1948	200000	200000					200000				
USGS	14105700	00060	113459	8	7	1948	1948	1	1948	198000	1948	198000	198000					198000				
USGS	14105700	00060	113459	8	8	1948	1948	1	1948	197000	1948	197000	197000					197000				
USGS	14105700	00060	113459	8	9	1948	1948	1	1948	197000	1948	197000	197000					197000				
USGS	14105700	00060	113459	8	10	1948	1948	1	1948	198000	1948	198000	198000					198000				
USGS	14105700	00060	113459	8	11	1948	1948	1	1948	197000	1948	197000	197000					197000				
USGS	14105700	00060	113459	8	12	1948	1948	1	1948	191000	1948	191000	191000					191000				
USGS	14105700	00060	113459	8	13	1948	1948	1	1948	188000	1948	188000	188000					188000				
USGS	14105700	00060	113459	8	14	1948	1948	1	1948	186000	1948	186000	186000					186000				
USGS	14105700	00060	113459	8	15	1948	1948	1	1948	182000	1948	182000	182000					182000				
USGS	14105700	00060	113459	8	16	1948	1948	1	1948	179000	1948	179000	179000					179000				
USGS	14105700	00060	113459	8	17	1948	1948	1	1948	177000	1948	177000	177000					177000				
USGS	14105700	00060	113459	8	18	1948	1948	1	1948	170000	1948	170000	170000					170000				
USGS	14105700	00060	113459	8	19	1948	1948	1	1948	167000	1948	167000	167000					167000				
USGS	14105700	00060	113459	8	20	1948	1948	1	1948	165000	1948	165000	165000					165000				
USGS	14105700	00060	113459	8	21	1948	1948	1	1948	161000	1948	161000	161000					161000				
USGS	14105700	00060	113459	8	22	1948	1948	1	1948	161000	1948	161000	161000					161000				
USGS	14105700	00060	113459	8	23	1948	1948	1	1948	162000	1948	162000	162000					162000				
USGS	14105700	00060	113459	8	24	1948	1948	1	1948	161000	1948	161000	161000					161000				
USGS	14105700	00060	113459	8	25	1948	1948	1	1948	161000	1948	161000	161000					161000				
USGS	14105700	00060	113459	8	26	1948	1948	1	1948	161000	1948	161000	161000					161000				
USGS	14105700	00060	113459	8	27	1948	1948	1	1948	160000	1948	160000	160000					160000				
USGS	14105700	00060	113459	8	28	1948	1948	1	1948	160000	1948	160000	160000					160000				
USGS	14105700	00060	113459	8	29	1948	1948	1	1948	158000	1948	158000	158000					158000				
USGS	14105700	00060	113459	8	30	1948	1948	1	1948	157000	1948	157000	157000					157000				
USGS	14105700	00060	113459	8	31	1948	1948	1	1948	156000	1948	156000	156000					156000				
USGS	14105700	00060	113459	9	1	1948	1948	1	1948	157000	1948	157000	157000					157000				
USGS	14105700	00060	113459	9	2	1948	1948	1	1948	157000	1948	157000	157000					157000				
USGS	14105700	00060	113459	9	3	1948	1948	1	1948	157000	1948	157000	157000					157000				
USGS	14105700	00060	113459	9	4	1948	1948	1	1948	154000	1948	154000	154000					154000				
USGS	14105700	00060	113459	9	5	1948	1948	1	1948	147000	1948	147000	147000					147000				
USGS	14105700	00060	113459	9	6	1948	1948	1	1948	142000	1948	142000	142000					142000				
USGS	14105700	00060	113459	9	7	1948	1948	1	1948	141000	1948	141000	141000					141000				
USGS	14105700	00060	113459	9	8	1948	1948	1	1948	138000	1948	138000	138000					138000				
USGS	14105700	00060	113459	9	9	1948	1948	1	1948	136000	1948	136000	136000					136000				
USGS	14105700	00060	113459	9	10	1948	1948	1	1948	134000	1948	134000	134000					134000				
USGS	14105700	00060	113459	9	11	1948	1948	1	1948	131000	1948	131000	131000					131000				
USGS	14105700	00060	113459	9	12	1948	1948	1	1948	128000	1948	128000	128000					128000				
USGS	14105700	00060	113459	9	13	1948	1948	1	1948	125000	1948	125000	125000					125000				
USGS	14105700	00060	113459	9	14	1948	1948	1	1948	120000	1948	120000	120000					120000				
USGS	14105700	00060	113459	9	15	1948	1948	1	1948	117000	1948	117000	117000					117000				
USGS	14105700	00060	113459	9	16	1948	1948	1	1948	114000	1948	114000	114000					114000				
USGS	14105700	00060	113459	9	17	1948	1948	1	1948	112000	1948	112000	112000					112000				
USGS	14105700	00060	113459	9	18	1948	1948	1	1948	110000	1948	110000	110000					110000				
USGS	14105700	00060	113459	9	19	1948	1948	1	1948	114000	1948	114000	114000					114000				
USGS	14105700	00060	113459	9	20	1948	1948	1	1948	113000	1948	113000	113000					113000				
USGS	14105700	00060	113459	9	21	1948	1948	1	1948	112000	1948	112000	112000					112000				
USGS	14105700	00060	113459	9	22	1948	1948	1	1948	109000	1948	109000	109000					109000				
USGS	14105700	00060	113459	9	23	1948	1948	1	1948	106000	1948	106000	106000					106000				
USGS	14105700	00060	113459	9	24	1948	1948	1	1948	105000	1948	105000	105000					105000				
USGS	14105700	00060	113459	9	25	1948	1948	1	1948	105000	1948	105000	105000					105000				
USGS	14105700	00060	113459	9	26	1948	1948	1	1948	107000	1948	107000	107000					107000				
USGS	14105700	00060	113459	9	27	1948	1948	1	1948	112000	1948	112000	112000					112000				
USGS	14105700	00060	113459	9	28	1948	1948	1	1948	112000	1948	112000	112000					112000				
USGS	14105700	00060	113459	9	29	1948	1948	1	1948	109000	1948	109000	109000					109000				
USGS	14105700	00060	113459	9	30	1948	1948	1	1948	107000	1948	107000	107000					107000				
USGS	14105700	00060	113459	10	1	1949	1949	1	1949	106000	1949	106000	106000					106000				
USGS	14105700	00060	113459	10	2	1949	1949	1	1949	108000	1949	108000	108000					108000				
USGS	14105700	00060	113459	10	3	1949	1949	1	1949	101000	1949	101000	101000					101000				
USGS	14105700	00060	113459	10	4	1949	1949	1	1949	102000	1949	102000	102000					102000				
USGS	14105700	00060	113459	10	5	1949	1949	1	1949	103000	1949	103000	103000					103000				
USGS	14105700	00060	113459	10	6	1949	1949	1	1949	102000	1949	102000	102000					102000				
USGS	14105700	00060	113459	10	7	1949	1949	1	1949	102000	1949	102000	102000					102000				
USGS	14105700	00060	113459	10	8	1949	1949	1	1949	104000	1949	104000	104000					104000				
USGS	14105700	00060	113459	10	9	1949	1949	1	1949	106000	1949	106000	106000					106000				
USGS	14105700	00060	113459	10	10	1949	1949	1	1949	105000	1949	105000	105000					105000				
USGS	14105700	00060	113459	10	11	1949	1949	1	1949	106000	1949	106000	106000					106000				
USGS	14105700	00060	113459	10	12	1949	1949	1	1949	104000	1949	104000	104000					104000				
USGS	14105700	00060	113459	10	13	1949	1949	1	1949	105000	1949	105000	105000					105000				
USGS	14105700	00060	113459	10	14	1949	1949	1	1949	104000	1949	104000	104000					104000				
USGS	14105700	00060	113459	10	15	1949	1949	1	1949	104000	1949	104000	104000					104000				
USGS	14105700	00060	113459	10	16	1949	1949	1	1949	102000	1949	102000	102000					102000				
USGS	14105700	00060	113459	10	17	1949	1949	1	1949	99500	1949	99500	99500					99500				
USGS	14105700	00060	113459	10	18	1949	1949	1	1949	98500	1949	98500	98500					98500				
USGS	14105700	00060	113459	10	19	1949	1949	1	1949	98000	1949	98000	98000					98000				
USGS	14105700	00060	113459	10	20	1949	1949	1	1949	97600	1949	97600	97600					97600				
USGS	14105700	00060	113459	10	21	1949	1949	1	1949	96800	1949	96800	96800					96800				
USGS	14105700	00060	113459	10	22	1949	1949	1	1949	97100	1949	97100	97100					97100				
USGS	14105700	00060	113459	10	23	1949	1949	1	1949	96400	1949	96400	96400					96400				
USGS	14105700	00060	113459	10	24	1949	1949	1	1949	95400	1949	95400	95400					95400				
USGS	14105700	00060	113459	10	25	1949	1949	1	1949	95200	1949	95200	95200					95200				
USGS	14105700	00060	113459	10	26	1949	1949	1	1949	94500	1949	94500	94500					94500				
USGS	14105700	00060	113459	10	27	1949	1949	1	1949	91800	1949	91800	91800					91800				
USGS	14105700	00060	113459	10	28	1949	1949	1	1949	92000	1949	92000	92000					92000				
USGS	14105700	00060	113459	10	29	1949	1949	1	1949	91800	1949	91800	91800					91800				
USGS	14105700	00060	113459	10	30	1949	1949	1	1949	92500	1949	92500	92500					92500				
USGS	14105700	00060	113459	10	31	1949	1949	1	1949	92700	1949	92700	92700					92700				
USGS	14105700	00060	113459	11	1	1949	1949	1	1949	93600	1949	93600	93600					93600				
USGS	14105700	00060	113459	11	2	1949	1949	1	1949	96400	1949	96400	96400					96400				
USGS	14105700	00060	113459	11	3	1949	1949	1	1949	95900	1949	95900	95900					95900				
USGS	14105700	00060	113459	11	4	1949	1949	1	1949	98000	1949	98000	98000					98000				
USGS	14105700	00060	113459	11	5	1949	1949	1	1949	99200	1949	99200	99200					99200				
USGS	14105700	00060	113459	11	6	1949	1949	1	1949	101000	1949	101000	101000					101000				
USGS	14105700	00060	113459	11	7	1949	1949	1	1949	97600	1949	97600	97600					97600				
USGS	14105700	00060	113459	11	8	1949	1949	1	1949	95400	1949	95400	95400					95400				
USGS	14105700	00060	113459	11	9	1949	1949	1	1949	95200	1949	95200	95200					95200				
USGS	14105700	00060	113459	11	10	1949	1949	1	1949	95400	1949	95400	95400					95400				
USGS	14105700	00060	113459	11	11	1949	1949	1	1949	95900	1949	95900	95900					95900				
USGS	14105700	00060	113459	11	12	1949	1949	1	1949	95000	1949	95000	95000					95000				
USGS	14105700	00060	113459	11	13	1949	1949	1	1949	93600	1949	93600	93600					93600				
USGS	14105700	00060	113459	11	14	1949	1949	1	1949	87400	1949	87400	87400					87400				
USGS	14105700	00060	113459	11	15	1949	1949	1	1949	84300	1949	84300	84300					84300				
USGS	14105700	00060	113459	11	16	1949	1949	1	1949	83200	1949	83200	83200					83200				
USGS	14105700	00060	113459	11	17	1949	1949	1	1949	83400	1949	83400	83400					83400				
USGS	14105700	00060	113459	11	18	1949	1949	1	1949	83700	1949	83700	83700					83700				
USGS	14105700	00060	113459	11	19	1949	1949	1	1949	85000	1949	85000	85000					85000				
USGS	14105700	00060	113459	11	20	1949	1949	1	1949	85200	1949	85200	85200					85200				
USGS	14105700	00060	113459	11	21	1949	1949	1	1949	84300	1949	84300	84300					84300				
USGS	14105700	00060	113459	11	22	1949	1949	1	1949	83000	1949	83000	83000					83000				
USGS	14105700	00060	113459	11	23	1949	1949	1	1949	83200	1949	83200	83200					83200				
USGS	14105700	00060	113459	11	24	1949	1949	1	1949	83000	1949	83000	83000					83000				
USGS	14105700	00060	113459	11	25	1949	1949	1	1949	84300	1949	84300	84300					84300				
USGS	14105700	00060	113459	11	26	1949	1949	1	1949	88300	1949	88300	88300					88300				
USGS	14105700	00060	113459	11	27	1949	1949	1	1949	92700	1949	92700	92700					92700				
USGS	14105700	00060	113459	11	28	1949	1949	1	1949	89000	1949	89000	89000					89000				
USGS	14105700	00060	113459	11	29	1949	1949	1	1949	86500	1949	86500	86500					86500				
USGS	14105700	00060	113459	11	30	1949	1949	1	1949	85200	1949	85200	85200					85200				
USGS	14105700	00060	113459	12	1	1949	1949	1	1949	83900	1949	83900	83900					83900				
USGS	14105700	00060	113459	12	2	1949	1949	1	1949	83900	1949	83900	83900					83900				
USGS	14105700	00060	113459	12	3	1949	1949	1	1949	85400	1949	85400	85400					85400				
USGS	14105700	00060	113459	12	4	1949	1949	1	1949	85600	1949	85600	85600					85600				
USGS	14105700	00060	113459	12	5	1949	1949	1	1949	86700	1949	86700	86700					86700				
USGS	14105700	00060	113459	12	6	1949	1949	1	1949	87600	1949	87600	87600					87600				
USGS	14105700	00060	113459	12	7	1949	1949	1	1949	88300	1949	88300	88300					88300				
USGS	14105700	00060	113459	12	8	1949	1949	1	1949	89200	1949	89200	89200					89200				
USGS	14105700	00060	113459	12	9	1949	1949	1	1949	89500	1949	89500	89500					89500				
USGS	14105700	00060	113459	12	10	1949	1949	1	1949	89700	1949	89700	89700					89700				
USGS	14105700	00060	113459	12	11	1949	1949	1	1949	90400	1949	90400	90400					90400				
USGS	14105700	00060	113459	12	12	1949	1949	1	1949	93400	1949	93400	93400					93400				
USGS	14105700	00060	113459	12	13	1949	1949	1	1949	96100	1949	96100	96100					96100				
USGS	14105700	00060	113459	12	14	1949	1949	1	1949	96100	1949	96100	96100					96100				
USGS	14105700	00060	113459	12	15	1949	1949	1	1949	94800	1949	94800	94800					94800				
USGS	14105700	00060	113459	12	16	1949	1949	1	1949	93600	1949	93600	93600					93600				
USGS	14105700	00060	113459	12	17	1949	1949	1	1949	93200	1949	93200	93200					93200				
USGS	14105700	00060	113459	12	18	1949	1949	1	1949	91300	1949	91300	91300					91300				
USGS	14105700	00060	113459	12	19	1949	1949	1	1949	89200	1949	89200	89200					89200				
USGS	14105700	00060	113459	12	20	1949	1949	1	1949	87600	1949	87600	87600					87600				
USGS	14105700	00060	113459	12	21	1949	1949	1	1949	87600	1949	87600	87600					87600				
USGS	14105700	00060	113459	12	22	1949	1949	1	1949	87000	1949	87000	87000					87000				
USGS	14105700	00060	113459	12	23	1949	1949	1	1949	87400	1949	87400	87400					87400				
USGS	14105700	00060	113459	12	24	1949	1949	1	1949	89000	1949	89000	89000					89000				
USGS	14105700	00060	113459	12	25	1949	1949	1	1949	88600	1949	88600	88600					88600				
USGS	14105700	00060	113459	12	26	1949	1949	1	1949	85200	1949	85200	85200					85200				
USGS	14105700	00060	113459	12	27	1949	1949	1	1949	83000	1949	83000	83000					83000				
USGS	14105700	00060	113459	12	28	1949	1949	1	1949	81900	1949	81900	81900					81900				
USGS	14105700	00060	113459	12	29	1949	1949	1	1949	81000	1949	81000	81000					81000				
USGS	14105700	00060	113459	12	30	1949	1949	1	1949	84300	1949	84300	84300					84300				
USGS	14105700	00060	113459	12	31	1949	1949	1	1949	87200	1949	87200	87200					87200				
